3
0 0
1 1 1
0 0
1 2 3


3
2  1 0  4
2  2 2 12
0 -1 2 -4

5
 1 -3 -2  0 -2  0.5
-3  4 -5  1 -3  5.4
-2 -5  3 -2  2  5.0
 0  1 -2  5  3  7.5
-2 -3  2  3  4  3.3

4
 7.9 -2.6 -4.3   3.2  6.68
-2.6  4.8  0.8  -1.4  9.95
-4.3  0.8  7.2  -3.3  8.6
 3.2 -1.4 -3.3   3.3  1.0
 1.E-16

3
 6.214 -2.180 3.184 49.91
-1.351  8.224 5.224 50.17
 2.489 -0.459 4.229 32.68
 1.E-9

5
 1 -3 -2  0 -2  0.5
-3  4 -5  1 -3  5.4
-2 -5  3 -2  2  5.0
 0  1 -2  5  3  7.5
-2 -3  2  3  4  3.3

4
1.1161 0.1254 0.1397 0.1490 1.5471
0.1582 1.1675 0.1768 0.1871 1.6471
0.1968 0.2071 1.2168 0.2271 1.7471
0.2368 0.2471 0.2568 1.2671 1.8471

3
3 1 1  8
1 3 1 10
1 1 3 12
1.E-10

3
2 -1  1 -3
3  5 -2  1
1 -4 10  0
1.E-9

4
4 3 2 1 3
3 6 4 2 6
2 4 6 3 4
1 2 3 4 7
1.E-16

3
5 2 1 12
2 6 1 17
1 1 4 15
1.E-16

3
4 0 1  7
1 4 0  9
0 1 4 14
1.E-9

3
4 2 1 11
2 4 1 13
1 2 4 17
1.E-9

3
1 0 0 1
0 1 0 2
0 0 1 3
1.E-9


3
3 1 1  8
1 3 1 10
1 1 3 12
1.E-9


3
1 -1  0  -1
1  2 -1   2
0  4  3  17


3
2  1 0  4
2  2 2 12
0 -1 2 -4

3
1 2
2 2 2
2 -1
4 12 -4

21
 0     1    1    1    1    1    1    1    1    1    1    1    1    1    1    1   1    1   1    1
 1    -2   -2   -2   -2   -2   -2   -2   -2   -2   -2   -2   -2   -2   -2   -2  -2   -2  -2   -2  1
 1     1    1    1    1    1    1    1    1    1    1    1    1    1    1    1   1    1   1    0
 0  0.09 0.14 0.19 0.23 0.28 0.33 0.38 0.42 0.47 0.52 0.57 0.61 0.66 0.71 0.76 0.8 0.85 0.9 0.95  1

5
0     1    1    1
1    -2   -2   -2    1
1     1    1    0
0  0.09 0.14 0.19 0.23

5
1  0  0  0  0    0
1 -1  1  0  0  0.09
0  1 -1  1  0  0.14
0  0  1 -1  1  0.19
0  0  0  0  1  0.23



3
-1 -1
 1  2  3
 1  4
-1  2  17

3
1 -1  0  -1
1  2 -1   2
0  4  3  17

3
0 0
-1 -1 -1
0 0
-1 -2 -3

3
2 2
1 1 1
3 3
1 2 3

3
1 2 0 1
3 1 2 2
0 3 1 3


3
 0.53  -0.75  1.83  0.68
-0.75   0.68 -1.19  0.95
 1.83  -1.19  2.15  1.27

3
3 1 1  8
1 3 1 10
1 1 3 12

3
-1  0  0 -1
 0 -1  0 -2
 0  0 -1 -3

3
1 1 1 3
0 1 1 2
0 0 1 1

3
2.74  -1.18  3.17  2.18
1.12  0.83 -2.16 -1.15
0.81  1.27  0.76  3.23

3
1 2 3 14
2 1 0  4
0 0 1  3

3
3 1 2 11
3 1 0  5
0 1 0  2

4
4  3  2  1  3
3  6  4  2  6
2  4  6  3  4
1  2  3  4  7


3
3 1 1 8
1 3 1 10
1 1 3 12


 3
-1  0  0 -1
 0 -1  0 -2
 0  0 -1 -3



4
1.1161  0.1254  0.1397  0.1490 1.5471
0.1582  1.1675  0.1768  0.1871 1.6471
0.1968  0.2071  1.2168  0.2271 1.7471
0.2368  0.2471  0.2568  1.2671 1.8471


3
1 2 3 14
0 2 3 13
0 0 3 9